SIMULATION RESULTS REPORT
==================================================
Generated: 2025-01-22 11:46:23

CONFIGURATION INFORMATION
------------------------------
Configuration File: /Users/ivareftedal/school/inf202_project/INF202/input.toml
Mesh File: bay.msh

SIMULATION PARAMETERS
------------------------------
Number of Steps: 500
Start Time: 0.1
End Time: 0.2
Time Step Size: 0.000200

PERFORMANCE METRICS
------------------------------
Total Execution Time: 34.62 seconds

OIL DISTRIBUTION RESULTS
------------------------------
Final Oil Amounts by Cell:
Cell ID    Oil Amount
     187       0.000
     188       0.000
     189       0.000
     190       0.000
     191       0.000
     192       0.000
     193       0.000
     194       0.000
     195       0.000
     196       0.000
     197       0.002
     198       0.000
     199       0.000
     200       0.000
     201       0.055
     202       0.001
     203       0.000
     204       0.003
     205       0.000
     206       0.000
     207       0.000
     208       0.000
     209       0.005
     210       0.001
     211       0.000
     212       0.000
     213       0.000
     214       0.000
     215       0.044
     216       0.000
     217       0.000
     218       0.000
     219       0.000
     220       0.000
     221       0.000
     222       0.000
     223       0.000
     224       0.000
     225       0.000
     226       0.040
     227       0.000
     228       0.000
     229       0.000
     230       0.020
     231       0.000
     232       0.000
     233       0.000
     234       0.118
     235       0.000
     236       0.000
     237       0.000
     238       0.000
     239       0.000
     240       0.000
     241       0.023
     242       0.000
     243       0.051
     244       0.000
     245       0.000
     246       0.000
     247       0.000
     248       0.000
     249       0.035
     250       0.000
     251       0.001
     252       0.000
     253       0.000
     254       0.000
     255       0.000
     256       0.000
     257       0.000
     258       0.000
     259       0.000
     260       0.000
     261       0.000
     262       0.000
     263       0.000
     264       0.000
     265       0.000
     266       0.005
     267       0.000
     268       0.000
     269       0.000
     270       0.000
     271       0.000
     272       0.000
     273       0.000
     274       0.030
     275       0.000
     276       0.331
     277       0.000
     278       0.000
     279       0.000
     280       0.021
     281       0.000
     282       0.000
     283       0.000
     284       0.000
     285       0.002
     286       0.085
     287       0.045
     288       0.226
     289       0.000
     290       0.003
     291       0.000
     292       0.000
     293       0.000
     294       0.167
     295       0.000
     296       0.000
     297       0.000
     298       0.000
     299       0.167
     300       0.000
     301       0.000
     302       0.003
     303       0.000
     304       0.000
     305       0.000
     306       0.000
     307       0.001
     308       0.000
     309       0.000
     310       0.000
     311       0.000
     312       0.000
     313       0.019
     314       0.000
     315       0.142
     316       0.017
     317       0.000
     318       0.000
     319       0.050
     320       0.000
     321       0.000
     322       0.000
     323       0.000
     324       0.000
     325       0.000
     326       0.050
     327       0.187
     328       0.000
     329       0.000
     330       0.000
     331       0.000
     332       0.000
     333       0.253
     334       0.000
     335       0.000
     336       0.000
     337       0.000
     338       0.000
     339       0.189
     340       0.000
     341       0.000
     342       0.204
     343       0.000
     344       0.000
     345       0.186
     346       0.318
     347       0.360
     348       0.000
     349       0.000
     350       0.260
     351       0.001
     352       0.000
     353       0.000
     354       0.000
     355       0.000
     356       0.000
     357       0.066
     358       0.000
     359       0.000
     360       0.196
     361       0.198
     362       0.218
     363       0.000
     364       0.043
     365       0.000
     366       0.000
     367       0.039
     368       0.000
     369       0.000
     370       0.000
     371       0.000
     372       0.047
     373       0.000
     374       0.000
     375       0.245
     376       0.338
     377       0.000
     378       0.047
     379       0.001
     380       0.000
     381       0.000
     382       0.001
     383       0.000
     384       0.000
     385       0.000
     386       0.000
     387       0.000
     388       0.000
     389       0.000
     390       0.000
     391       0.000
     392       0.001
     393       0.000
     394       0.000
     395       0.000
     396       0.240
     397       0.000
     398       0.003
     399       0.000
     400       0.000
     401       0.368
     402       0.000
     403       0.000
     404       0.000
     405       0.000
     406       0.256
     407       0.000
     408       0.000
     409       0.098
     410       0.000
     411       0.000
     412       0.103
     413       0.217
     414       0.000
     415       0.000
     416       0.000
     417       0.000
     418       0.000
     419       0.329
     420       0.000
     421       0.000
     422       0.000
     423       0.336
     424       0.000
     425       0.000
     426       0.000
     427       0.171
     428       0.000
     429       0.000
     430       0.000
     431       0.000
     432       0.000
     433       0.000
     434       0.159
     435       0.000
     436       0.209
     437       0.000
     438       0.000
     439       0.060
     440       0.220
     441       0.000
     442       0.011
     443       0.000
     444       0.000
     445       0.000
     446       0.000
     447       0.000
     448       0.000
     449       0.023
     450       0.019
     451       0.019
     452       0.016
     453       0.000
     454       0.004
     455       0.001
     456       0.009
     457       0.010
     458       0.027
     459       0.018
     460       0.000
     461       0.969
     462       0.000
     463       0.023
     464       0.018
     465       0.000
     466       0.000
     467       0.000
     468       0.000
     469       0.000
     470       0.000
     471       0.008
     472       0.130
     473       0.164
     474       0.000
     475       0.000
     476       0.000
     477       0.013
     478       0.000
     479       0.014
     480       0.000
     481       0.000
     482       0.000
     483       0.017
     484       0.000
     485       0.002
     486       0.080
     487       0.208
     488       0.001
     489       0.000
     490       0.000
     491       0.000
     492       0.220
     493       0.000
     494       0.000
     495       0.216
     496       0.994
     497       0.900
     498       0.022
     499       1.143
     500       0.000
     501       0.000
     502       0.000
     503       0.803
     504       0.001
     505       0.014
     506       0.000
     507       0.000
     508       0.638
     509       0.304
     510       0.351
     511       0.000
     512       0.524
     513       0.014
     514       0.492
     515       0.005
     516       0.428
     517       0.314
     518       0.000
     519       0.009
     520       0.022
     521       0.053
     522       0.018
     523       0.141
     524       0.059
     525       0.048
     526       0.133
     527       0.052
     528       0.025
     529       0.000
     530       0.166
     531       0.000
     532       0.271
     533       0.296
     534       0.012
     535       0.052
     536       0.047
     537       0.001
     538       0.000
     539       0.018
     540       0.211
     541       0.022
     542       0.031
     543       0.026
     544       0.036
     545       0.001
     546       0.000
     547       0.000
     548       0.015
     549       0.000
     550       0.001
     551       0.000
     552       0.000
     553       0.000
     554       0.005
     555       0.000
     556       0.026
     557       0.012
     558       0.001
     559       0.012
     560       0.000
     561       0.120
     562       0.014
     563       0.000
     564       0.000
     565       0.000
     566       0.018
     567       0.011
     568       0.002
     569       0.000
     570       0.001
     571       0.001
     572       0.000
     573       0.008
     574       0.000
     575       0.000
     576       0.000
     577       0.002
     578       0.565
     579       0.001
     580       0.456
     581       0.002
     582       0.016
     583       0.003
     584       0.000
     585       0.833
     586       0.000
     587       0.000
     588       0.723
     589       0.000
     590       0.000
     591       0.001
     592       0.000
     593       0.001
     594       0.808
     595       0.000
     596       0.005
     597       0.000
     598       0.000
     599       0.000
     600       0.001
     601       0.000
     602       0.000
     603       0.002
     604       0.000
     605       0.000
     606       0.001
     607       0.001
     608       0.008
     609       0.078
     610       0.000
     611       0.000
     612       0.000
     613       0.001
     614       0.000
     615       0.002
     616       0.000
     617       0.001
     618       0.000
     619       0.001
     620       0.000
     621       0.000
     622       0.000
     623       0.005
     624       0.000
     625       0.000
     626       0.004
     627       0.002
     628       0.000
     629       0.003
     630       0.000
     631       0.000
     632       0.003
     633       0.000
     634       0.001
     635       0.000
     636       0.002
     637       0.000
     638       0.000
     639       0.000
     640       0.000
     641       0.000
     642       0.000
     643       0.010
     644       0.000
     645       0.001
     646       0.000
     647       0.000
     648       0.000
     649       0.000
     650       0.000
     651       0.001
     652       0.000
     653       0.073
     654       0.000
     655       0.002
     656       0.000
     657       0.003
     658       0.000
     659       0.001
     660       0.000
     661       0.000
     662       0.000
     663       0.000
     664       0.000
     665       0.000
     666       0.009
     667       0.037
     668       0.031
     669       0.000
     670       0.000
     671       0.000
     672       0.116
     673       0.013
     674       0.095
     675       0.000
     676       0.000
     677       0.000
     678       0.000
     679       0.002
     680       0.000
     681       0.086
     682       0.000
     683       0.000
     684       0.000
     685       0.000
     686       0.000
     687       0.000
     688       0.007
     689       0.000
     690       0.023
     691       0.007
     692       0.005
     693       0.001
     694       0.000
     695       0.000
     696       0.000
     697       0.000
     698       0.000
     699       0.000
     700       0.002
     701       0.000
     702       0.001
     703       0.000
     704       0.000
     705       0.000
     706       0.000
     707       0.000
     708       0.000
     709       0.000
     710       0.000
     711       0.000
     712       0.000
     713       0.000
     714       0.000
     715       0.000
     716       0.000
     717       0.000
     718       0.000
     719       0.000
     720       0.001
     721       0.000
     722       0.001
     723       0.002
     724       0.000
     725       0.000
     726       0.000
     727       0.000
     728       0.000
     729       0.000
     730       0.000
     731       0.260
     732       0.000
     733       0.000
     734       0.000
     735       0.001
     736       0.001
     737       0.180
     738       0.000
     739       0.000
     740       0.000
     741       0.015
     742       0.000
     743       0.176
     744       0.000
     745       0.460
     746       0.000
     747       0.000
     748       0.001
     749       0.000
     750       0.000
     751       0.000
     752       0.000
     753       0.000
     754       0.000
     755       0.000
     756       0.000
     757       0.401
     758       0.000
     759       0.000
     760       0.000
     761       0.000
     762       0.000
     763       0.000
     764       0.000
     765       0.000
     766       0.000
     767       0.000
     768       0.000
     769       0.000
     770       0.000
     771       0.000
     772       0.000
     773       0.402
     774       0.000
     775       0.000
     776       0.000
     777       0.170
     778       0.000
     779       0.000
     780       0.000
     781       0.000
     782       0.000
     783       0.000
     784       0.000
     785       0.000
     786       0.000
     787       0.000
     788       0.000
     789       0.000
     790       0.000
     791       0.000
     792       0.000
     793       0.000
     794       0.000
     795       0.000
     796       0.000
     797       0.000
     798       0.016
     799       0.000
     800       0.000
     801       0.000
     802       0.000
     803       0.000
     804       0.000
     805       0.000
     806       0.002
     807       0.000
     808       0.000
     809       0.000
     810       0.281
     811       0.000
     812       0.333
     813       0.325
     814       0.000
     815       0.000
     816       0.000
     817       0.005
     818       0.000
     819       0.000
     820       0.830
     821       0.000
     822       0.000
     823       0.000
     824       0.000
     825       0.000
     826       0.000
     827       0.000
     828       0.779
     829       0.000
     830       0.000
     831       0.000
     832       0.000
     833       0.000
     834       0.000
     835       0.242
     836       0.000
     837       0.000
     838       0.205
     839       0.166
     840       0.000
     841       0.000
     842       0.000
     843       0.000
     844       0.000
     845       0.000
     846       0.000
     847       0.000
     848       0.000
     849       0.000
     850       0.258
     851       0.000
     852       0.000
     853       0.007
     854       0.000
     855       0.000
     856       0.011
     857       0.010
     858       0.024
     859       0.000
     860       0.000
     861       0.000
     862       0.000
     863       0.008
     864       0.000
     865       0.000
     866       0.052
     867       0.000
     868       0.000
     869       0.000
     870       0.090
     871       0.000
     872       0.000
     873       0.000
     874       0.000
     875       0.000
     876       0.363
     877       0.000
     878       0.000
     879       0.000
     880       0.000
     881       0.000
     882       0.000
     883       0.000
     884       0.000
     885       0.784
     886       0.000
     887       0.000
     888       0.000
     889       0.000
     890       0.000
     891       0.000
     892       0.000
     893       0.000
     894       0.000
     895       0.000
     896       0.000
     897       0.000
     898       0.000
     899       0.020
     900       0.000
     901       0.000
     902       0.000
     903       0.178
     904       0.000
     905       0.000
     906       0.000
     907       0.000
     908       0.000
     909       0.000
     910       0.256
     911       0.000
     912       0.000
     913       0.000
     914       0.000
     915       0.000
     916       0.006
     917       0.136
     918       0.000
     919       0.000
     920       0.000
     921       0.000
     922       0.000
     923       0.034
     924       0.001
     925       0.000
     926       0.000
     927       0.000
     928       0.000
     929       0.000
     930       0.000
     931       0.011
     932       0.000
     933       0.157
     934       0.000
     935       0.000
     936       0.182
     937       0.012
     938       0.000
     939       0.000
     940       0.000
     941       0.000
     942       0.000
     943       0.000
     944       0.000
     945       0.000
     946       0.000
     947       0.174
     948       0.007
     949       0.000
     950       0.000
     951       0.080
     952       0.000
     953       0.000
     954       0.000
     955       0.000
     956       0.000
     957       0.000
     958       0.000
     959       0.000
     960       0.000
     961       0.000
     962       0.001
     963       0.000
     964       0.000
     965       0.080
     966       0.000
     967       0.000
     968       0.000
     969       0.000
     970       0.000
     971       0.000
     972       0.000
     973       0.000
     974       0.000
     975       0.000
     976       0.016
     977       0.001
     978       0.002
     979       0.000
     980       0.000
     981       0.000
     982       0.000
     983       0.000
     984       0.000
     985       0.000
     986       0.024
     987       0.000
     988       0.000
     989       0.000
     990       0.000
     991       0.000
     992       0.000
     993       0.000
     994       0.000
     995       0.010
     996       0.000
     997       0.000
     998       0.000
     999       0.000
    1000       0.000
    1001       0.000
    1002       0.000
    1003       0.915
    1004       0.000
    1005       0.000
    1006       0.000
    1007       0.022
    1008       0.000
    1009       0.000
    1010       0.000
    1011       0.018
    1012       0.718
    1013       0.000
    1014       0.000
    1015       0.000
    1016       0.000
    1017       0.000
    1018       0.485
    1019       0.000
    1020       1.188
    1021       0.088
    1022       0.935
    1023       0.000
    1024       0.144
    1025       0.000
    1026       0.694
    1027       0.119
    1028       0.000
    1029       0.000
    1030       0.241
    1031       0.000
    1032       0.427
    1033       0.000
    1034       0.100
    1035       0.000
    1036       0.000
    1037       0.001
    1038       0.001
    1039       0.000
    1040       0.130
    1041       0.000
    1042       0.000
    1043       0.185
    1044       0.000
    1045       0.000
    1046       0.182
    1047       0.000
    1048       0.000
    1049       0.000
    1050       0.000
    1051       0.783
    1052       0.925
    1053       0.000
    1054       0.000
    1055       0.000
    1056       0.000
    1057       0.000
    1058       0.006
    1059       0.000
    1060       0.000
    1061       0.000
    1062       0.000
    1063       0.416
    1064       0.000
    1065       0.000
    1066       0.000
    1067       0.132
    1068       0.276
    1069       0.000
    1070       0.000
    1071       0.000
    1072       0.000
    1073       1.077
    1074       0.000
    1075       0.000
    1076       0.000
    1077       0.010
    1078       0.000
    1079       0.001
    1080       0.000
    1081       0.000
    1082       0.000
    1083       0.000
    1084       1.054
    1085       0.000
    1086       0.000
    1087       0.000
    1088       0.000
    1089       0.588
    1090       0.000
    1091       0.000
    1092       0.000
    1093       0.000
    1094       0.000
    1095       0.001
    1096       0.000
    1097       0.001
    1098       0.000
    1099       0.000
    1100       0.000
    1101       0.000
    1102       0.000
    1103       0.000
    1104       0.000
    1105       0.000
    1106       0.000
    1107       0.161
    1108       0.000
    1109       0.000
    1110       0.000
    1111       0.000
    1112       0.000
    1113       0.000
    1114       0.000
    1115       0.000
    1116       0.000
    1117       0.000
    1118       0.000
    1119       0.000
    1120       0.000
    1121       0.024
    1122       0.000
    1123       0.000
    1124       0.000
    1125       0.000
    1126       0.000
    1127       0.818
    1128       0.016
    1129       0.017
    1130       0.000
    1131       0.000
    1132       0.000
    1133       0.409
    1134       0.000
    1135       0.000
    1136       0.000
    1137       0.000
    1138       0.124
    1139       0.000
    1140       0.020
    1141       0.000
    1142       0.491
    1143       0.000
    1144       0.000
    1145       0.000
    1146       0.251
    1147       0.000
    1148       0.000
    1149       0.097
    1150       0.000
    1151       0.000
    1152       0.035
    1153       0.338
    1154       0.000
    1155       0.000
    1156       0.000
    1157       0.000
    1158       0.000
    1159       0.000
    1160       0.000
    1161       0.000
    1162       0.169
    1163       0.000
    1164       0.000
    1165       0.000
    1166       0.000
    1167       0.000
    1168       0.000
    1169       0.000
    1170       0.000
    1171       0.000
    1172       0.054
    1173       0.002
    1174       0.000
    1175       0.000
    1176       0.000
    1177       0.000
    1178       0.000
    1179       0.000
    1180       0.000
    1181       0.000
    1182       0.041
    1183       0.000
    1184       0.000
    1185       0.490
    1186       0.059
    1187       0.027
    1188       0.000
    1189       0.000
    1190       0.000
    1191       0.000
    1192       0.000
    1193       0.000
    1194       0.000
    1195       0.000
    1196       0.000
    1197       0.000
    1198       0.000
    1199       0.000
    1200       0.000
    1201       0.000
    1202       0.000
    1203       0.000
    1204       0.000
    1205       0.000
    1206       0.000
    1207       0.002
    1208       0.000
    1209       0.000
    1210       0.064
    1211       0.000
    1212       0.000
    1213       0.000
    1214       0.001
    1215       0.243
    1216       0.000
    1217       0.000
    1218       0.037
    1219       0.010
    1220       0.000
    1221       0.000
    1222       0.002
    1223       0.000
    1224       0.003
    1225       0.000
    1226       0.700
    1227       0.000
    1228       0.000
    1229       0.000
    1230       0.000
    1231       0.000
    1232       0.000
    1233       0.000
    1234       0.021
    1235       0.000
    1236       0.000
    1237       0.001
    1238       0.000
    1239       0.305
    1240       0.074
    1241       0.148
    1242       0.000
    1243       0.000
    1244       0.000
    1245       0.025
    1246       0.377
    1247       0.001
    1248       0.000
    1249       0.000
    1250       0.000
    1251       0.000
    1252       0.003
    1253       0.000
    1254       0.056
    1255       0.000
    1256       0.000
    1257       0.000
    1258       0.000
    1259       0.000
    1260       0.002
    1261       0.000
    1262       0.000
    1263       0.000
    1264       0.001
    1265       0.000
    1266       0.006
    1267       0.000
    1268       0.123
    1269       0.002
    1270       0.000
    1271       0.012
    1272       0.065
    1273       0.064
    1274       0.000
    1275       0.000
    1276       0.000
    1277       0.070
    1278       0.280
    1279       0.078
    1280       0.000
    1281       0.000
    1282       0.002
    1283       0.075
    1284       0.000
    1285       0.003
    1286       0.000
    1287       0.000
    1288       0.001
    1289       0.779
    1290       0.000
    1291       0.000
    1292       0.000
    1293       0.000
    1294       0.864
    1295       0.000
    1296       0.000
    1297       0.283
    1298       0.000
    1299       0.000
    1300       0.042
    1301       0.224
    1302       0.000
    1303       0.040
    1304       0.000
    1305       0.000
    1306       0.000
    1307       0.002
    1308       0.000
    1309       0.000
    1310       0.004
    1311       0.000
    1312       0.888
    1313       0.000
    1314       0.066
    1315       0.000
    1316       0.000
    1317       1.163
    1318       0.000
    1319       0.008
    1320       0.087
    1321       0.000
    1322       0.000
    1323       0.000
    1324       0.000
    1325       0.006
    1326       0.000
    1327       0.000
    1328       0.000
    1329       0.000
    1330       0.056
    1331       0.002
    1332       0.000
    1333       0.006
    1334       0.082
    1335       0.000
    1336       0.061
    1337       0.013
    1338       0.000
    1339       0.000
    1340       0.000
    1341       0.000
    1342       0.055
    1343       0.000
    1344       0.369
    1345       0.000
    1346       0.000
    1347       0.000
    1348       0.012
    1349       0.000
    1350       0.048
    1351       0.283
    1352       0.015
    1353       0.410
    1354       0.004
    1355       0.000
    1356       0.000
    1357       0.478
    1358       0.568
    1359       0.691
    1360       0.050
    1361       0.000
    1362       0.015
    1363       0.467
    1364       0.000
    1365       0.000
    1366       0.000
    1367       0.004
    1368       0.009
    1369       0.083
    1370       0.083
    1371       0.000
    1372       0.783
    1373       0.000
    1374       0.000
    1375       0.000
    1376       0.149
    1377       0.112
    1378       0.001
    1379       0.621
    1380       0.974
    1381       0.000
    1382       0.000
    1383       0.996
    1384       0.000
    1385       0.000
    1386       0.000
    1387       0.000
    1388       0.160
    1389       0.000
    1390       0.000
    1391       0.000
    1392       0.001
    1393       0.000
    1394       0.000
    1395       0.000
    1396       0.000
    1397       0.292
    1398       0.000
    1399       0.067
    1400       0.000
    1401       0.000
    1402       0.000
    1403       0.000
    1404       0.000
    1405       0.000
    1406       0.000
    1407       0.043
    1408       0.415
    1409       0.106
    1410       0.824
    1411       0.000
    1412       0.358
    1413       0.012
    1414       0.319
    1415       0.000
    1416       0.000
    1417       0.000
    1418       0.000
    1419       0.012
    1420       0.469
    1421       0.000
    1422       0.368
    1423       0.000
    1424       0.000
    1425       0.015
    1426       0.526
    1427       0.000
    1428       0.000
    1429       0.000
    1430       0.000
    1431       0.000
    1432       0.000
    1433       0.000
    1434       0.000
    1435       0.000
    1436       0.007
    1437       0.858
    1438       0.276
    1439       0.268
    1440       0.033
    1441       0.920
    1442       0.000
    1443       0.000
    1444       0.000
    1445       0.000
    1446       0.539
    1447       0.000
    1448       0.208
    1449       0.123
    1450       0.000
    1451       0.011
    1452       0.105
    1453       0.000
    1454       0.001
    1455       0.503
    1456       0.001
    1457       0.000
    1458       0.000
    1459       0.505
    1460       0.000
    1461       0.741
    1462       0.921
    1463       0.000
    1464       0.000
    1465       0.826
    1466       0.050
    1467       0.000
    1468       0.000
    1469       0.976
    1470       0.000
    1471       0.002
    1472       0.143
    1473       0.000
    1474       0.000
    1475       0.597
    1476       0.000
    1477       0.380
    1478       0.703
    1479       0.242
    1480       0.552
    1481       0.000
    1482       0.000
    1483       0.915
    1484       0.000
    1485       0.000
    1486       0.014
    1487       0.000
    1488       0.000
    1489       0.000
    1490       0.074
    1491       0.186
    1492       0.000
    1493       0.000
    1494       0.000
    1495       0.014
    1496       0.000
    1497       0.013
    1498       0.003
    1499       0.000
    1500       0.070
    1501       0.000
    1502       0.779
    1503       0.000
    1504       0.000
    1505       0.011
    1506       0.001
    1507       0.613
    1508       0.000
    1509       0.300
    1510       0.430
    1511       0.000
    1512       0.005
    1513       0.000
    1514       0.000
    1515       0.069
    1516       0.000
    1517       0.001
    1518       0.000
    1519       0.646
    1520       0.345
    1521       0.654
    1522       0.532
    1523       0.004
    1524       0.062
    1525       0.000
    1526       0.056
    1527       0.000
    1528       0.000
    1529       0.003
    1530       0.890
    1531       0.044
    1532       0.015
    1533       0.005
    1534       0.000
    1535       0.000
    1536       0.009
    1537       0.000
    1538       0.000
    1539       0.000
    1540       0.754
    1541       0.000
    1542       0.000
    1543       0.010
    1544       0.000
    1545       0.000
    1546       0.281
    1547       0.141
    1548       0.000
    1549       0.000
    1550       0.000
    1551       0.000
    1552       0.000
    1553       0.018
    1554       0.921
    1555       0.000
    1556       0.040
    1557       0.938
    1558       0.216
    1559       0.426
    1560       0.044
    1561       0.000
    1562       0.316
    1563       0.022
    1564       0.005
    1565       0.968
    1566       0.000
    1567       0.001
    1568       0.137
    1569       0.012
    1570       0.080
    1571       0.000
    1572       0.000
    1573       0.000
    1574       0.000
    1575       0.125
    1576       0.562
    1577       0.000
    1578       0.000
    1579       0.000
    1580       0.000
    1581       0.000
    1582       0.000
    1583       0.000
    1584       0.171
    1585       0.002
    1586       0.029
    1587       0.062
    1588       0.000
    1589       0.000
    1590       0.000
    1591       0.000
    1592       0.000
    1593       0.000
    1594       0.010
    1595       0.006
    1596       0.000
    1597       0.390
    1598       0.000
    1599       0.000
    1600       0.085
    1601       0.000
    1602       0.000
    1603       0.523
    1604       0.000
    1605       0.000
    1606       0.000
    1607       0.000
    1608       0.071
    1609       0.000
    1610       0.244
    1611       0.000
    1612       0.000
    1613       0.000
    1614       0.002
    1615       0.000
    1616       0.000
    1617       0.029
    1618       0.000
    1619       0.000
    1620       0.004
    1621       0.978
    1622       0.662
    1623       0.000
    1624       0.001
    1625       0.000
    1626       0.000
    1627       0.000
    1628       0.000
    1629       0.000
    1630       0.000
    1631       0.002
    1632       0.000
    1633       0.000
    1634       0.000
    1635       0.000
    1636       0.000
    1637       0.293
    1638       0.835
    1639       0.000
    1640       0.000
    1641       0.856
    1642       0.000
    1643       0.816
    1644       0.000
    1645       0.003
    1646       0.007
    1647       0.000
    1648       0.000
    1649       0.003
    1650       0.099
    1651       0.000
    1652       0.000
    1653       0.000
    1654       0.000
    1655       0.000
    1656       0.538
    1657       0.000
    1658       0.000
    1659       0.000
    1660       0.000
    1661       0.001
    1662       0.715
    1663       0.001
    1664       0.000
    1665       0.000
    1666       0.000
    1667       0.000
    1668       0.000
    1669       0.000
    1670       0.400
    1671       0.000
    1672       0.000
    1673       0.000
    1674       0.000
    1675       0.000
    1676       0.001
    1677       0.000
    1678       0.000
    1679       0.648
    1680       0.000
    1681       0.000
    1682       0.000
    1683       0.635
    1684       0.000
    1685       0.000
    1686       0.000
    1687       0.000
    1688       0.000
    1689       0.322
    1690       0.000
    1691       0.107
    1692       0.276
    1693       0.234
    1694       0.000
    1695       0.132
    1696       0.722
    1697       0.305
    1698       0.458
    1699       0.000
    1700       0.041
    1701       0.176
    1702       0.188
    1703       0.000
    1704       0.000
    1705       0.000
    1706       0.000
    1707       0.264
    1708       0.710
    1709       0.000
    1710       0.000
    1711       0.377
    1712       0.646
    1713       0.000
    1714       0.005
    1715       0.000
    1716       0.000
    1717       0.000
    1718       0.680
    1719       0.000
    1720       0.034
    1721       0.497
    1722       0.000
    1723       0.000
    1724       0.000
    1725       0.000
    1726       0.000
    1727       0.059
    1728       0.000
    1729       0.000
    1730       0.000
    1731       0.000
    1732       0.153
    1733       0.224
    1734       0.000
    1735       0.000
    1736       0.002
    1737       0.607
    1738       0.000
    1739       0.543
    1740       0.000
    1741       0.000
    1742       0.000
    1743       0.016
    1744       0.000
    1745       0.000
    1746       0.000
    1747       0.055
    1748       0.000
    1749       0.000
    1750       0.000
    1751       0.000
    1752       0.000
    1753       0.000
    1754       0.000
    1755       0.000
    1756       0.000
    1757       0.000
    1758       0.000
    1759       0.259
    1760       0.000
    1761       0.000
    1762       0.000
    1763       0.000
    1764       0.000
    1765       0.059
    1766       0.000
    1767       0.000
    1768       0.004
    1769       0.000
    1770       0.000
    1771       0.000
    1772       0.000
    1773       0.422
    1774       0.000
    1775       0.000
    1776       0.000
    1777       0.000
    1778       0.000
    1779       0.000
    1780       0.000
    1781       0.304
    1782       0.000
    1783       0.000
    1784       0.000
    1785       0.008
    1786       0.000
    1787       0.000
    1788       0.000
    1789       0.159
    1790       0.000
    1791       0.000
    1792       0.000
    1793       0.000
    1794       0.000
    1795       0.000
    1796       0.000
    1797       0.241
    1798       0.000
    1799       0.000
    1800       0.000
    1801       0.000
    1802       0.000
    1803       0.000
    1804       0.000
    1805       0.002
    1806       0.000
    1807       0.000
    1808       0.000
    1809       0.000
    1810       0.000
    1811       0.000
    1812       0.000
    1813       0.527
    1814       0.025
    1815       0.001
    1816       0.000
    1817       0.000
    1818       0.000
    1819       0.017
    1820       0.124
    1821       0.000
    1822       0.000
    1823       0.071
    1824       0.000
    1825       0.029
    1826       0.000
    1827       0.000
    1828       0.000
    1829       0.000
    1830       0.000
    1831       0.000
    1832       0.000
    1833       0.000
    1834       0.003
    1835       0.000
    1836       0.000
    1837       0.018
    1838       0.069
    1839       0.000
    1840       0.000
    1841       0.000
    1842       0.000
    1843       0.000
    1844       0.000
    1845       0.000
    1846       0.433
    1847       0.000
    1848       0.000
    1849       0.000
    1850       0.000
    1851       0.222
    1852       0.000
    1853       0.000
    1854       0.000
    1855       0.000
    1856       0.000
    1857       0.000
    1858       0.000
    1859       0.000
    1860       0.000
    1861       0.000
    1862       0.083
    1863       0.007
    1864       0.000
    1865       0.000
    1866       0.000
    1867       0.000
    1868       0.000
    1869       0.000
    1870       0.000
    1871       0.000
    1872       0.000
    1873       0.000
    1874       0.000
    1875       0.000
    1876       0.000
    1877       0.000
    1878       0.000
    1879       0.000
    1880       0.000
    1881       0.000
    1882       0.000
    1883       0.002
    1884       0.875
    1885       0.000
    1886       0.000
    1887       0.000
    1888       0.000
    1889       0.000
    1890       0.819
    1891       0.000
    1892       0.000
    1893       0.000
    1894       0.068
    1895       0.000
    1896       0.000
    1897       0.000
    1898       0.000
    1899       0.000
    1900       0.000
    1901       0.180
    1902       0.000
    1903       0.000
    1904       0.000
    1905       0.013
    1906       0.000
    1907       0.000
    1908       0.000
    1909       0.000
    1910       0.000
    1911       0.000
    1912       0.881
    1913       0.000
    1914       1.010
    1915       0.188
    1916       0.000
    1917       0.000
    1918       0.000
    1919       0.000
    1920       0.000
    1921       0.000
    1922       0.023
    1923       0.000
    1924       0.000
    1925       0.000
    1926       0.000
    1927       0.000
    1928       0.000
    1929       0.000
    1930       0.000
    1931       0.000
    1932       0.002
    1933       0.000
    1934       0.000
    1935       0.000
    1936       0.000
    1937       0.136
    1938       0.000
    1939       0.000
    1940       0.000
    1941       0.000
    1942       0.003
    1943       0.000
    1944       0.110
    1945       0.000
    1946       0.000
    1947       0.000
    1948       0.000
    1949       0.000
    1950       0.784
    1951       0.005
    1952       0.152
    1953       0.000
    1954       0.000
    1955       0.000
    1956       0.000
    1957       0.000
    1958       0.000
    1959       0.903
    1960       0.000
    1961       0.000
    1962       0.007
    1963       0.140
    1964       0.000
    1965       0.719
    1966       0.000
    1967       0.000
    1968       0.000
    1969       0.355
    1970       0.000
    1971       0.000
    1972       0.000
    1973       0.000
    1974       0.000
    1975       0.000
    1976       0.003
    1977       0.615
    1978       0.486
    1979       0.000
    1980       0.000
    1981       0.000
    1982       0.009
    1983       0.241
    1984       0.000
    1985       0.001
    1986       0.000
    1987       0.000
    1988       0.000
    1989       0.015
    1990       0.000
    1991       0.001
    1992       0.000
    1993       0.000
    1994       0.000
    1995       0.000
    1996       0.000
    1997       0.000
    1998       0.015
    1999       0.000
    2000       0.000
    2001       0.001
    2002       0.011
    2003       0.000
    2004       0.739
    2005       0.000
    2006       0.000
    2007       0.000
    2008       0.151
    2009       0.026
    2010       0.003
    2011       0.000
    2012       0.079
    2013       0.000
    2014       0.050
    2015       0.000
    2016       0.000
    2017       0.000
    2018       0.000
    2019       0.054
    2020       0.114
    2021       0.871
    2022       0.000
    2023       0.000
    2024       0.000
    2025       0.000
    2026       0.000
    2027       0.000
    2028       0.000
    2029       0.000
    2030       0.000
    2031       0.000
    2032       0.000
    2033       0.000
    2034       0.012
    2035       0.000
    2036       0.120
    2037       0.741
    2038       0.000
    2039       0.001
    2040       0.000
    2041       0.956
    2042       0.000
    2043       0.000
    2044       0.000
    2045       0.000
    2046       0.034
    2047       0.000
    2048       0.000
    2049       0.000
    2050       0.031
    2051       0.000
    2052       0.000
    2053       0.005
    2054       0.000
    2055       0.000
    2056       0.000
    2057       0.000
    2058       0.000
    2059       0.150
    2060       0.005
    2061       0.014
    2062       0.000
    2063       0.000
    2064       0.000
    2065       0.575
    2066       0.000
    2067       0.092
    2068       0.000
    2069       0.000
    2070       0.000
    2071       0.000
    2072       0.012
    2073       0.000
    2074       0.173
    2075       0.000
    2076       0.000
    2077       0.000
    2078       0.000
    2079       0.000
    2080       0.001
    2081       0.000
    2082       0.000
    2083       0.024
    2084       0.000
    2085       0.646
    2086       0.000
    2087       0.858
    2088       0.000
    2089       0.000
    2090       0.000
    2091       0.000
    2092       0.000
    2093       0.000
    2094       0.000
    2095       0.000
    2096       0.000
    2097       0.000
    2098       0.000
    2099       0.000
    2100       0.000
    2101       0.000
    2102       0.000
    2103       0.000
    2104       0.273
    2105       0.000
    2106       0.000
    2107       0.000
    2108       0.000
    2109       0.000
    2110       0.011
    2111       0.230
    2112       0.000
    2113       0.000
    2114       0.730
    2115       0.000
    2116       0.000
    2117       0.000
    2118       0.000
    2119       0.008
    2120       0.000
    2121       0.000
    2122       0.000
    2123       0.000
    2124       0.000
    2125       0.000
    2126       0.000
    2127       0.000
    2128       0.000
    2129       0.000
    2130       0.000
    2131       0.001
    2132       0.000
    2133       1.003
    2134       0.000
    2135       0.128
    2136       0.539
    2137       0.042
    2138       0.000
    2139       0.697
    2140       0.000
    2141       0.000
    2142       0.000
    2143       1.059
    2144       0.000
    2145       0.000
    2146       0.000
    2147       0.000
    2148       0.772
    2149       0.000
    2150       0.000
    2151       0.000
    2152       0.000
    2153       0.000
    2154       0.225
    2155       0.000
    2156       0.000
    2157       0.000
    2158       0.000
    2159       0.007
    2160       0.363
    2161       0.000
    2162       0.000
    2163       0.000
    2164       0.000
    2165       0.000
    2166       0.000
    2167       0.000
    2168       0.000
    2169       0.004
    2170       0.000
    2171       0.000
    2172       0.010
    2173       0.002
    2174       0.000
    2175       0.001
    2176       0.000
    2177       0.000
    2178       0.000
    2179       0.000
    2180       0.000
    2181       0.063
    2182       0.000
    2183       0.000
    2184       0.000
    2185       0.000
    2186       0.000
    2187       0.000
    2188       0.000
    2189       0.000
    2190       0.000
    2191       0.469
    2192       0.003
    2193       0.000
    2194       0.000
    2195       0.000
    2196       0.000
    2197       0.004
    2198       0.000
    2199       0.000
    2200       0.000
    2201       0.000
    2202       0.000
    2203       0.000
    2204       0.000
    2205       0.000
    2206       0.004
    2207       0.000
    2208       0.000
    2209       0.000
    2210       0.114
    2211       0.001
    2212       0.094
    2213       0.000
    2214       0.054
    2215       0.000
    2216       0.000
    2217       0.000
    2218       0.000
    2219       0.000
    2220       0.000
    2221       0.000
    2222       0.000
    2223       0.000
    2224       0.031
    2225       0.000
    2226       0.000
    2227       0.000
    2228       0.000
    2229       0.000
    2230       0.000
    2231       0.188
    2232       0.081
    2233       0.000
    2234       0.000
    2235       0.207
    2236       0.000
    2237       0.000
    2238       0.000
    2239       0.009
    2240       0.000
    2241       0.006
    2242       0.000
    2243       0.000
    2244       0.000
    2245       0.000
    2246       0.000
    2247       0.000
    2248       0.000
    2249       0.000
    2250       0.135
    2251       0.000
    2252       0.000
    2253       0.113
    2254       0.000
    2255       0.000
    2256       0.000
    2257       0.000
    2258       0.000
    2259       0.000
    2260       0.000
    2261       0.000
    2262       0.000
    2263       0.008
    2264       0.000
    2265       0.000
    2266       0.000
    2267       0.000
    2268       0.019
    2269       0.000
    2270       0.007
    2271       0.000
    2272       0.000
    2273       0.000
    2274       0.145
    2275       0.000
    2276       0.000
    2277       0.085
    2278       0.689
    2279       0.000
    2280       0.000
    2281       0.000
    2282       0.000
    2283       0.000
    2284       0.000
    2285       0.000
    2286       0.000
    2287       0.000
    2288       0.000
    2289       0.001
    2290       0.000
    2291       0.000
    2292       0.000
    2293       0.000
    2294       0.008
    2295       0.000
    2296       1.068
    2297       0.000
    2298       0.000
    2299       0.000
    2300       0.858
    2301       0.024
    2302       0.008
    2303       0.000
    2304       0.173
    2305       0.000
    2306       0.000
    2307       0.000
    2308       0.000
    2309       0.000
    2310       0.000
    2311       0.000
    2312       0.004
    2313       0.000
    2314       0.000
    2315       0.395
    2316       1.118
    2317       0.412
    2318       0.000
    2319       0.000
    2320       0.000
    2321       0.720
    2322       0.000
    2323       0.000
    2324       0.000
    2325       0.000
    2326       0.060
    2327       0.810
    2328       0.000
    2329       0.000
    2330       0.000
    2331       0.000
    2332       0.000
    2333       0.000
    2334       0.000
    2335       0.000
    2336       0.000
    2337       0.000
    2338       0.000
    2339       0.000
    2340       0.000
    2341       0.609
    2342       0.000
    2343       0.000
    2344       0.005
    2345       0.190
    2346       0.000
    2347       0.000
    2348       0.000
    2349       0.000
    2350       0.000
    2351       0.000
    2352       0.000
    2353       0.000
    2354       0.000
    2355       0.006
    2356       0.001
    2357       0.000
    2358       0.000
    2359       0.048
    2360       0.000
    2361       0.000
    2362       0.941
    2363       0.039
    2364       0.000
    2365       0.000
    2366       0.000
    2367       0.000
    2368       0.107
    2369       0.009
    2370       0.000
    2371       0.000
    2372       0.000
    2373       0.000
    2374       0.000
    2375       0.000
    2376       0.013
    2377       0.474
    2378       0.000
    2379       0.000
    2380       0.036
    2381       0.000
    2382       0.000
    2383       0.000
    2384       0.000
    2385       0.000
    2386       0.000
    2387       0.000
    2388       0.000
    2389       0.559
    2390       0.000
    2391       0.000
    2392       0.000
    2393       0.000
    2394       0.000
    2395       0.000
    2396       0.000
    2397       0.135
    2398       0.000
    2399       0.000
    2400       0.000
    2401       0.000
    2402       0.473
    2403       0.165
    2404       0.000
    2405       0.000
    2406       0.000
    2407       0.000
    2408       0.000
    2409       0.477
    2410       0.000
    2411       0.742
    2412       0.000
    2413       0.000
    2414       0.000
    2415       0.000
    2416       0.009
    2417       0.000
    2418       0.000
    2419       0.024
    2420       0.000
    2421       0.000
    2422       0.126
    2423       0.000
    2424       0.000
    2425       0.327
    2426       0.000
    2427       0.780
    2428       0.000
    2429       0.000
    2430       0.632
    2431       0.000
    2432       0.000
    2433       0.029
    2434       0.000
    2435       0.000
    2436       0.000
    2437       0.896
    2438       0.000
    2439       0.000
    2440       0.000
    2441       0.000
    2442       0.004
    2443       0.230
    2444       0.000
    2445       0.000
    2446       0.000
    2447       0.847
    2448       0.000
    2449       0.000
    2450       0.284
    2451       0.000
    2452       0.000
    2453       0.000
    2454       0.600
    2455       0.008
    2456       0.000
    2457       0.000
    2458       0.000
    2459       0.000
    2460       0.000
    2461       0.162
    2462       0.000
    2463       0.000
    2464       0.000
    2465       0.000
    2466       0.000
    2467       0.030
    2468       0.000
    2469       0.000
    2470       0.000
    2471       0.008
    2472       0.000
    2473       0.297
    2474       0.000
    2475       0.000
    2476       0.000
    2477       0.000
    2478       0.000
    2479       0.000
    2480       0.027
    2481       0.000
    2482       0.001
    2483       0.000
    2484       0.000
    2485       0.000
    2486       0.000
    2487       0.000
    2488       0.000
    2489       0.000
    2490       0.000
    2491       0.003
    2492       0.046
    2493       0.000
    2494       0.016
    2495       0.181
    2496       0.001
    2497       0.226
    2498       0.000
    2499       0.000
    2500       0.000
    2501       0.000
    2502       0.002
    2503       0.481
    2504       0.000
    2505       0.000
    2506       0.000
    2507       0.000
    2508       0.000
    2509       0.000
    2510       0.000
    2511       0.007
    2512       0.000
    2513       0.000
    2514       0.007
    2515       0.000
    2516       0.002
    2517       0.000
    2518       0.000
    2519       0.000
    2520       0.000
    2521       0.000
    2522       0.000
    2523       0.000
    2524       0.000
    2525       0.000
    2526       0.005
    2527       0.000
    2528       0.000
    2529       0.000
    2530       0.000
    2531       0.000
    2532       0.001
    2533       0.000
    2534       0.000
    2535       0.000
    2536       0.000
    2537       0.000
    2538       0.000
    2539       0.000
    2540       0.000
    2541       0.000
    2542       0.000
    2543       0.670
    2544       0.000
    2545       0.000
    2546       0.176
    2547       0.000
    2548       0.000
    2549       0.000
    2550       0.000
    2551       1.012
    2552       0.000
    2553       0.000
    2554       0.000
    2555       0.005
    2556       0.000
    2557       0.000
    2558       0.000
    2559       0.000
    2560       0.000
    2561       0.000
    2562       0.000
    2563       0.000
    2564       0.000
    2565       0.000
    2566       0.000
    2567       0.000
    2568       0.000
    2569       0.000
    2570       0.000
    2571       0.000
    2572       0.000
    2573       0.000
    2574       0.000
    2575       0.000
    2576       0.000
    2577       0.000
    2578       0.000
    2579       0.006
    2580       0.000
    2581       0.000
    2582       0.000
    2583       0.000
    2584       0.012
    2585       0.000
    2586       0.000
    2587       0.000
    2588       0.000
    2589       0.000
    2590       0.000
    2591       0.004
    2592       0.000
    2593       0.018
    2594       0.000
    2595       0.035
    2596       0.000
    2597       0.000
    2598       0.000
    2599       0.034
    2600       0.000
    2601       0.000
    2602       0.000
    2603       0.000
    2604       0.000
    2605       0.000
    2606       0.000
    2607       0.270
    2608       0.000
    2609       0.000
    2610       0.000
    2611       0.041
    2612       0.074
    2613       0.000
    2614       0.000
    2615       0.010
    2616       0.000
    2617       0.000
    2618       0.000
    2619       0.000
    2620       0.000
    2621       0.066
    2622       0.000
    2623       0.000
    2624       0.000
    2625       0.000
    2626       0.000
    2627       0.000
    2628       0.000
    2629       0.000
    2630       0.000
    2631       0.000
    2632       0.000
    2633       0.004
    2634       0.002
    2635       0.069
    2636       0.000
    2637       0.000
    2638       0.089
    2639       0.107
    2640       0.000
    2641       0.000
    2642       0.000
    2643       0.000
    2644       0.000
    2645       0.000
    2646       0.000
    2647       0.000
    2648       0.000
    2649       0.000
    2650       0.000
    2651       0.000
    2652       0.001
    2653       0.000
    2654       0.000
    2655       0.000
    2656       0.000
    2657       0.000
    2658       0.000
    2659       0.000
    2660       0.000
    2661       0.000
    2662       0.000
    2663       0.000
    2664       0.000
    2665       0.000
    2666       0.000
    2667       0.000
    2668       0.000
    2669       0.000
    2670       0.000
    2671       0.000
    2672       0.000
    2673       0.516
    2674       0.000
    2675       0.000
    2676       0.001
    2677       0.001
    2678       0.000
    2679       0.000
    2680       0.000
    2681       0.000
    2682       0.615
    2683       0.000
    2684       0.372
    2685       0.000
    2686       0.000
    2687       0.000
    2688       0.000
    2689       0.000
    2690       0.000
    2691       0.000
    2692       0.000
    2693       0.000
    2694       0.000
    2695       0.000
    2696       0.000
    2697       0.000
    2698       0.000
    2699       0.000
    2700       0.000
    2701       0.000
    2702       0.000
    2703       0.000
    2704       0.000
    2705       0.000
    2706       0.000
    2707       0.000
    2708       0.000
    2709       0.358
    2710       0.000
    2711       0.000
    2712       0.000
    2713       0.000
    2714       0.000
    2715       0.000
    2716       0.000
    2717       0.000
    2718       0.000
    2719       0.001
    2720       0.000
    2721       0.000
    2722       0.000
    2723       0.000
    2724       0.000
    2725       0.000
    2726       0.000
    2727       0.000
    2728       0.001
    2729       0.000
    2730       0.000
    2731       0.298
    2732       0.000
    2733       0.000
    2734       0.000
    2735       0.000
    2736       0.000
    2737       0.000
    2738       0.001
    2739       0.000
    2740       0.000
    2741       0.000
    2742       0.000
    2743       0.000
    2744       0.000
    2745       0.000
    2746       0.000
    2747       0.000
    2748       0.000
    2749       0.000
    2750       0.000
    2751       0.000
    2752       0.000
    2753       0.000
    2754       0.000
    2755       0.000
    2756       0.000
    2757       0.168
    2758       0.000
    2759       0.001
    2760       0.000
    2761       0.000
    2762       0.000
    2763       0.000
    2764       0.000
    2765       0.000
    2766       0.001
    2767       0.000
    2768       0.000
    2769       0.001
    2770       0.000
    2771       0.000
    2772       0.000
    2773       0.000
    2774       0.000
    2775       0.000
    2776       0.000
    2777       0.000
    2778       0.000
    2779       0.000
    2780       0.389
    2781       0.000
    2782       0.320
    2783       0.021
    2784       0.000
    2785       0.000
    2786       0.000
    2787       0.000
    2788       0.000
    2789       0.000
    2790       0.000
    2791       0.000
    2792       0.000
    2793       0.000
    2794       0.000
    2795       0.000
    2796       0.000
    2797       0.000
    2798       0.001
    2799       0.000
    2800       0.000
    2801       0.000
    2802       0.000
    2803       0.000
    2804       0.000
    2805       0.000
    2806       0.000
    2807       0.000
    2808       0.000
    2809       0.000
    2810       0.000
    2811       0.000
    2812       0.000
    2813       0.172
    2814       0.000
    2815       0.000
    2816       0.167
    2817       0.000
    2818       0.000
    2819       0.000
    2820       0.000
    2821       0.018
    2822       0.000
    2823       0.000
    2824       0.189
    2825       0.000
    2826       0.000
    2827       0.554
    2828       0.000
    2829       0.000
    2830       0.000
    2831       0.000
    2832       0.000
    2833       0.000
    2834       0.473
    2835       0.000
    2836       0.000
    2837       0.000
    2838       0.000
    2839       0.001
    2840       0.000
    2841       0.000
    2842       0.000
    2843       0.000
    2844       0.000
    2845       0.000
    2846       0.000
    2847       0.569
    2848       0.000
    2849       0.408
    2850       0.000
    2851       0.000
    2852       0.000
    2853       0.189
    2854       0.000
    2855       0.000
    2856       0.000
    2857       0.000
    2858       0.000
    2859       0.000
    2860       0.129
    2861       0.000
    2862       0.465
    2863       0.000
    2864       0.000
    2865       0.000
    2866       0.000
    2867       0.086
    2868       0.649
    2869       0.000
    2870       0.481
    2871       0.000
    2872       0.000
    2873       0.000
    2874       0.000
    2875       0.000
    2876       0.000
    2877       0.000
    2878       0.210
    2879       0.000
    2880       0.120
    2881       0.000
    2882       0.000
    2883       0.489
    2884       0.059
    2885       0.000
    2886       0.000
    2887       0.000
    2888       0.000
    2889       0.000
    2890       0.000
    2891       0.000
    2892       0.000
    2893       0.000
    2894       0.000
    2895       0.000
    2896       0.202
    2897       0.000
    2898       0.000
    2899       0.000
    2900       0.045
    2901       0.000
    2902       0.000
    2903       0.000
    2904       0.000
    2905       0.000
    2906       0.000
    2907       0.000
    2908       0.000
    2909       0.000
    2910       0.113
    2911       0.000
    2912       0.000
    2913       0.000
    2914       0.000
    2915       0.000
    2916       0.000
    2917       0.000
    2918       0.543
    2919       0.000
    2920       0.000
    2921       0.000
    2922       0.000
    2923       0.000
    2924       0.000
    2925       0.001
    2926       0.000
    2927       0.000
    2928       0.516
    2929       0.000
    2930       0.000
    2931       0.000
    2932       0.000
    2933       0.000
    2934       0.000
    2935       0.173
    2936       0.426
    2937       0.000
    2938       0.286
    2939       0.000
    2940       0.000
    2941       0.000
    2942       0.000
    2943       0.000
    2944       0.000
    2945       0.000
    2946       0.017
    2947       0.000
    2948       0.000
    2949       0.005
    2950       0.000
    2951       0.000
    2952       0.090
    2953       0.437
    2954       0.000
    2955       0.000
    2956       0.000
    2957       0.000
    2958       0.000
    2959       0.000
    2960       0.000
    2961       0.000
    2962       0.000
    2963       0.000
    2964       0.000
    2965       0.000
    2966       0.000
    2967       0.000
    2968       0.000
    2969       0.119
    2970       0.000
    2971       0.455
    2972       0.000
    2973       0.001
    2974       0.352
    2975       0.000
    2976       0.001
    2977       0.000
    2978       0.325
    2979       0.001
    2980       0.000
    2981       0.000
    2982       0.000
    2983       0.000
    2984       0.000
    2985       0.000
    2986       0.000
    2987       0.000
    2988       0.000
    2989       0.000
    2990       0.000
    2991       0.000
    2992       0.000
    2993       0.000
    2994       0.001
    2995       0.000
    2996       0.316
    2997       0.001
    2998       0.042
    2999       0.000
    3000       0.000
    3001       0.000
    3002       0.000
    3003       0.000
    3004       0.000
    3005       0.000
    3006       0.000
    3007       0.000
    3008       0.000
    3009       0.000
    3010       0.025
    3011       0.000
    3012       0.000
    3013       0.000
    3014       0.000
    3015       0.000
    3016       0.001
    3017       0.012
    3018       0.001
    3019       0.001
    3020       0.000
    3021       0.000
    3022       0.000
    3023       0.002
    3024       0.000
    3025       0.000
    3026       0.002
    3027       0.000
    3028       0.003
    3029       0.101
    3030       0.021
    3031       0.003
    3032       0.000
    3033       0.000
    3034       0.000
    3035       0.000
    3036       0.000
    3037       0.000
    3038       0.000
    3039       0.000
    3040       0.000
    3041       0.000
    3042       0.000
    3043       0.003
    3044       0.000
    3045       0.001
    3046       0.002
    3047       0.000
    3048       0.000
    3049       0.000
    3050       0.003
    3051       0.000
    3052       0.000
    3053       0.003
    3054       0.000
    3055       0.000
    3056       0.004
    3057       0.000
    3058       0.000
    3059       0.002
    3060       0.000
    3061       0.000
    3062       0.000
    3063       0.000
    3064       0.000
    3065       0.000
    3066       0.000
    3067       0.001
    3068       0.000
    3069       0.000
    3070       0.000
    3071       0.000
    3072       0.000
    3073       0.000
    3074       0.000
    3075       0.000
    3076       0.000
    3077       0.398
    3078       0.000
    3079       0.000
    3080       0.000
    3081       0.000
    3082       0.000
    3083       0.000
    3084       0.076
    3085       0.000
    3086       0.016
    3087       0.000
    3088       0.000
    3089       0.000
    3090       0.020
    3091       0.000
    3092       0.000
    3093       0.000
    3094       0.000
    3095       0.008
    3096       0.255
    3097       0.000
    3098       0.273
    3099       0.000
    3100       0.000
    3101       0.009
    3102       0.000
    3103       0.000
    3104       0.000
    3105       0.168
    3106       0.000
    3107       0.000
    3108       0.000
    3109       0.000
    3110       0.010
    3111       0.000
    3112       0.000
    3113       0.492
    3114       0.001
    3115       0.000
    3116       0.000
    3117       0.001
    3118       0.000
    3119       0.000
    3120       0.002
    3121       0.004
    3122       0.014
    3123       0.000
    3124       0.000
    3125       0.000
    3126       0.007
    3127       0.000
    3128       0.003
    3129       0.076
    3130       0.000
    3131       0.000
    3132       0.148
    3133       0.004
    3134       0.000
    3135       0.001
    3136       0.004
    3137       0.000
    3138       0.000
    3139       0.051
    3140       0.002
    3141       0.000
    3142       0.000
    3143       0.000
    3144       0.000
    3145       0.000
    3146       0.000
    3147       0.025
    3148       0.005
    3149       0.000
    3150       0.005
    3151       0.001
    3152       0.000
    3153       0.000
    3154       0.003
    3155       0.000
    3156       0.000
    3157       0.000
    3158       0.000
    3159       0.000
    3160       0.000
    3161       0.003
    3162       0.000
    3163       0.000
    3164       0.003
    3165       0.000
    3166       0.002
    3167       0.000
    3168       0.000
    3169       0.002
    3170       0.000
    3171       0.000
    3172       0.000
    3173       0.032
    3174       0.000
    3175       0.037
    3176       0.000
    3177       0.000
    3178       0.007
    3179       0.005
    3180       0.000
    3181       0.000
    3182       0.000
    3183       0.000
    3184       0.000
    3185       0.001
    3186       0.003
    3187       0.000
    3188       0.000
    3189       0.000
    3190       0.061
    3191       0.000
    3192       0.000
    3193       0.000
    3194       0.000
    3195       0.000
    3196       0.000
    3197       0.000
    3198       0.000
    3199       0.000
    3200       0.035
    3201       0.000
    3202       0.000
    3203       0.000
    3204       0.000
    3205       0.050
    3206       0.000
    3207       0.000
    3208       0.000
    3209       0.000
    3210       0.000
    3211       0.486
    3212       0.000
    3213       0.838
    3214       0.602
    3215       0.749
    3216       0.760
    3217       0.000
    3218       0.000
    3219       0.676
    3220       0.277
    3221       1.028
    3222       0.000
    3223       0.507
    3224       0.000
    3225       0.436
    3226       0.730
    3227       0.000
    3228       0.690
    3229       0.000
    3230       0.567
    3231       0.032
    3232       0.000
    3233       0.544
    3234       0.361
    3235       0.000
    3236       0.000
    3237       0.000
    3238       0.000
    3239       0.000
    3240       0.000
    3241       0.297
    3242       0.000
    3243       0.052
    3244       0.000
    3245       0.028
    3246       0.000
    3247       0.070
    3248       0.000
    3249       0.000
    3250       0.000
    3251       0.000
    3252       0.000
    3253       0.000
    3254       0.000
    3255       0.000
    3256       0.000
    3257       0.000
    3258       0.000
    3259       0.000
    3260       0.000
    3261       0.000
    3262       0.001
    3263       0.000
    3264       0.000
    3265       0.000
    3266       0.000
    3267       0.000
    3268       0.059
    3269       0.000
    3270       0.000
    3271       0.000
    3272       0.000
    3273       0.000
    3274       0.000
    3275       0.000
    3276       0.000
    3277       0.000
    3278       0.000
    3279       0.092
    3280       0.000
    3281       0.000
    3282       0.000
    3283       0.000
    3284       0.000
    3285       0.000
    3286       0.000
    3287       0.000
    3288       0.000
    3289       0.000
    3290       0.000
    3291       0.000
    3292       0.000
    3293       0.000
    3294       0.000
    3295       0.012
    3296       0.148
    3297       0.000
    3298       0.000
    3299       1.027
    3300       0.882
    3301       0.957
    3302       0.000
    3303       0.000
    3304       0.000
    3305       0.000
    3306       0.000
    3307       0.671
    3308       0.000
    3309       0.838
    3310       0.000
    3311       0.000
    3312       0.458
    3313       0.000
    3314       0.529
    3315       0.011
    3316       0.228
    3317       0.000
    3318       0.000
    3319       0.000
    3320       0.010
    3321       0.000
    3322       0.108
    3323       0.000
    3324       0.126
    3325       0.000
    3326       0.000
    3327       0.000
    3328       0.000
    3329       0.026
    3330       0.000
    3331       0.000
    3332       0.000
    3333       0.000
    3334       0.000
    3335       0.000
    3336       0.000
    3337       0.000
    3338       0.000
    3339       0.000
    3340       0.000
    3341       0.000
    3342       0.000
    3343       0.000
    3344       0.000
    3345       0.074
    3346       0.038
    3347       0.054
    3348       0.000
    3349       0.000
    3350       0.000
    3351       0.000
    3352       0.000
    3353       0.000
    3354       0.000
    3355       0.000
    3356       0.000
    3357       0.000
    3358       0.000
    3359       0.000
    3360       0.000
    3361       0.000
    3362       0.000
    3363       0.000
    3364       0.003
    3365       0.000
    3366       0.000
    3367       0.024
    3368       0.000
    3369       0.000
    3370       0.000
    3371       0.034
    3372       0.000
    3373       0.000
    3374       0.000
    3375       0.000
    3376       0.000
    3377       0.000
    3378       0.000
    3379       0.000
    3380       0.041
    3381       0.058
    3382       0.029
    3383       0.000
    3384       0.000
    3385       0.000
    3386       0.000
    3387       0.000
    3388       0.000
    3389       0.005
    3390       0.000
    3391       0.000
    3392       0.000
    3393       0.201
    3394       0.310
    3395       0.000
    3396       0.000
    3397       0.000
    3398       0.000
    3399       0.000
    3400       0.160
    3401       0.000
    3402       0.000
    3403       0.000
    3404       0.078
    3405       0.000
    3406       0.000
    3407       0.000
    3408       0.000
    3409       0.000
    3410       0.000
    3411       0.000
    3412       0.000
    3413       0.000
    3414       0.000
    3415       0.000
    3416       0.000
    3417       0.000
    3418       0.000
    3419       0.000
    3420       0.000
    3421       0.000
    3422       0.000
    3423       0.000
    3424       0.000
    3425       0.000
    3426       0.000
    3427       0.000
    3428       0.000
    3429       0.214
    3430       0.000
    3431       0.000
    3432       0.000
    3433       0.000
    3434       0.000
    3435       0.000
    3436       0.000
    3437       0.000
    3438       0.000
    3439       0.000
    3440       0.009
    3441       0.000
    3442       0.000
    3443       0.000
    3444       0.000
    3445       0.000
    3446       0.000
    3447       0.000
    3448       0.000
    3449       0.000
    3450       0.000
    3451       0.137
    3452       0.000
    3453       0.000
    3454       0.023
    3455       0.000
    3456       0.000
    3457       0.000
    3458       0.000
    3459       0.000
    3460       0.000
    3461       0.000
    3462       0.000
    3463       0.000
    3464       0.009
    3465       0.002
    3466       0.000
    3467       0.000
    3468       0.000
    3469       0.000
    3470       0.000
    3471       0.339
    3472       0.378
    3473       0.000
    3474       0.000
    3475       0.109
    3476       0.000
    3477       0.000
    3478       0.000
    3479       0.000
    3480       0.000
    3481       0.000
    3482       0.000
    3483       0.000
    3484       0.000
    3485       0.000
    3486       0.000
    3487       0.000
    3488       0.000
    3489       0.000
    3490       0.000
    3491       0.000
    3492       0.000
    3493       0.000
    3494       0.000
    3495       0.000
    3496       0.000
    3497       0.000
    3498       0.000
    3499       0.000
    3500       0.000
    3501       0.000
    3502       0.000
    3503       0.179
    3504       0.000
    3505       0.000
    3506       0.000
    3507       0.000
    3508       0.000
    3509       0.000
    3510       0.083
    3511       0.000
    3512       0.000
    3513       0.000
    3514       0.109
    3515       0.000
    3516       0.000
    3517       0.000
    3518       0.000
    3519       0.000
    3520       0.076
    3521       0.000
    3522       0.014
    3523       0.000
    3524       0.000
    3525       0.000
    3526       0.116
    3527       0.067
    3528       0.000
    3529       0.000
    3530       0.000
    3531       0.000
    3532       0.000
    3533       0.000
    3534       0.000
    3535       0.000
    3536       0.000
    3537       0.037
    3538       0.108
    3539       0.000
    3540       0.000
    3541       0.047
    3542       0.000
    3543       0.000
    3544       0.000
    3545       0.000
    3546       0.000
    3547       0.201
    3548       0.000
    3549       0.000
    3550       0.000
    3551       0.092
    3552       0.000
    3553       0.000
    3554       0.060
    3555       0.000
    3556       0.000
    3557       0.000
    3558       0.000
    3559       0.097
    3560       0.108
    3561       0.030
    3562       0.000
    3563       0.000
    3564       0.003
    3565       0.000
    3566       0.000
    3567       0.000
    3568       0.192
    3569       0.000
    3570       0.000
    3571       0.000
    3572       0.023
    3573       0.000
    3574       0.000
    3575       0.000
    3576       0.000
    3577       0.126
    3578       0.000
    3579       0.189
    3580       0.000
    3581       0.000
    3582       0.000
    3583       0.016
    3584       0.000
    3585       0.000
    3586       0.000
    3587       0.000
    3588       0.200
    3589       0.000
    3590       0.130
    3591       0.000
    3592       0.000
    3593       0.000
    3594       0.000
    3595       0.000
    3596       0.015
    3597       0.000
    3598       0.074
    3599       0.000
    3600       0.000
    3601       0.000
    3602       0.000
    3603       0.000
    3604       0.000
    3605       0.000
    3606       0.000
    3607       0.000
    3608       0.000
    3609       0.000
    3610       0.000
    3611       0.000
    3612       0.000
    3613       0.000
    3614       0.000
    3615       0.000
    3616       0.000
    3617       0.000
    3618       0.000
    3619       0.000
    3620       0.000
    3621       0.000
    3622       0.000
    3623       0.000
    3624       0.000
    3625       0.000
    3626       0.000
    3627       0.000
    3628       0.074
    3629       0.000
    3630       0.000
    3631       0.000
    3632       0.000
    3633       0.007
    3634       0.000
    3635       0.000
    3636       0.000
    3637       0.000
    3638       0.017
    3639       0.000
    3640       0.000
    3641       0.000
    3642       0.000
    3643       0.000
    3644       0.000
    3645       0.000
    3646       0.000
    3647       0.000
    3648       0.000
    3649       0.000
    3650       0.000
    3651       0.000
    3652       0.000
    3653       0.000
    3654       0.062
    3655       0.000
    3656       0.004
    3657       0.000
    3658       0.000
    3659       0.000
    3660       0.000
    3661       0.000
    3662       0.011
    3663       0.000
    3664       0.000
    3665       0.000
    3666       0.000
    3667       0.000
    3668       0.000
    3669       0.000
    3670       0.000
    3671       0.000
    3672       0.000
    3673       0.000
    3674       0.343
    3675       0.000
    3676       0.111
    3677       0.000
    3678       0.000
    3679       0.000
    3680       0.000
    3681       0.000
    3682       0.000
    3683       0.000
    3684       0.000
    3685       0.000
    3686       0.000
    3687       0.000
    3688       0.000
    3689       0.000
    3690       0.000
    3691       0.003
    3692       0.045
    3693       0.000
    3694       0.000
    3695       0.000
    3696       0.000
    3697       0.000
    3698       0.000
    3699       0.000
    3700       0.000
    3701       0.000
    3702       0.091
    3703       0.000
    3704       0.000
    3705       0.000
    3706       0.000
    3707       0.000
    3708       0.095
    3709       0.000
    3710       0.000
    3711       0.000
    3712       0.018
    3713       0.000
    3714       0.000
    3715       0.000
    3716       0.000
    3717       0.000
    3718       0.000
    3719       0.000
    3720       0.097

OIL DISTRIBUTION STATISTICS
------------------------------
Maximum Oil Amount: 1.188 (Cell 1020)
Minimum Oil Amount: 0.000 (Cell 270)
Average Oil Amount: 0.054
Standard Deviation: 0.166
Total Number of Cells: 3534